22.968
22.931
28.604
24.873
27.364
19.42
15.28
18.537
21.679
19.171
18.982
19.719
21.099
25.168
32.193
27.878
21.614
17.584
18.469
17.695
16.603
19.675
21.717
24.756
23.382
21.398
21.155
20.635
19.854
18.74
0
0
18.123
17.677
16.104
12.672
16.055
7.108
10.164
26.729
10.465
13.398
20.15
12.478
3.333
0
18.795
11.126
17.776
25.288
20.116
19.745
18.872
5.545
0
0
0
0
22.197
21.325
0
0
0
0
0
2.797
0
0
0
0
0
0
0
0
0
0
0
0
0
0
0
0
6.368
2.978
0
3.704
0
0
0
10.186
5.563
0
0
0
12.157
4.837
0.001
0
0
0
0
0
2.545
2.237
0
0
0
0
1.773
0
0
0
0
0
0
0
0
0
0
0
0
0