6.29
6.045
15.344
14.739
14.86
12.633
41.354
9.226
9.208
11.448
10.031
9.509
10.195
11.235
9.361
9.728
11.16
9.789
10.206
9.991
9.679
8.999
10.642
9.31
9.068
10.806
8.795
8.906
10.574
8.958
0.091
0.969
0.984
0.968
0.908
0.792
1.349
6.29
7.747
12.561
4.403
4.513
4.652
7.15
6.578
11.578
13.488
4.486
4.516
13.492
10.191
6.149
6.058
5.964
4.222
4.239
5.488
6.376
5.362
9.074
0.063
0
0
0
0.455
0.61
0.056
0.067
0.251
0.243
0.23
0.225
0.06
0.063
0.057
0.389
0.305
0.165
0.009
0
0
0
0.329
1.501
0.537
0.555
0.654
0.899
0.738
0.825
1.059
0.116
0.003
0.003
0.077
0.091
0.055
0.231
0.024
0.002
0.001
0.087
0.216
0.19
0.104
0.15
0.101
0.113
0.126
0.054
0.038
0
0
0
0
0
0
0
0
0
0
0